[[0.37033212 0.3831644  0.40428836]
 [0.58024248 0.56894126 0.57200697]
 [0.51697535 0.51008174 0.52843462]]
[[0.01428662 0.01434206 0.01443229]
 [0.01961198 0.0198438  0.01977924]
 [0.02176632 0.02162875 0.02108169]]
[[0.54750949 0.53580445 0.55200812]
 [0.27234064 0.27434625 0.27060552]
 [0.24043194 0.24354117 0.23607375]]
[[0.00869947 0.00940014 0.01081967]
 [0.00416212 0.00513368 0.00617081]
 [0.00349942 0.0069106  0.00561611]]
[[0.16868792 0.1612943  0.15095119]
 [0.11874976 0.12320186 0.1294022 ]
 [0.12681487 0.128901   0.12641001]]
[[0.00633047 0.00623367 0.0065432 ]
 [0.00364681 0.00388062 0.0043983 ]
 [0.00429786 0.00463317 0.00488977]]

